2265
2268
2627
2632
2635
2637
2638
2640
2641
2644
2680
2691
4024
4112
4388
5265
5742
6199
6546
6553
6616
6852
7839
8149
8252
8680
9045
9274
9388
9820
9839
10028
10520
10584
10945
12091
12239
12255
12723
12895
13137
13675
16287
17419
17585
19683
19797
20471
20715
21119
21441
21599
22399
22401
22539
23177
23275
23399
24023
25883
27499
28091
28613
28885
29133
29293
29718
29949
30050
30107
30135
30139
30168
30198
30223
30245
30305
30312
30448
30532
30723
30745
30839
31385
31445
31605
31617
31930
32012
32089
32308
32588
32630
32634
32645
32699
32713
32741
32884
33511
33538
33539
33540
33655
33735
33736
33744
33852
33868
33869
33960
34022
34348
34485
