2265
2268
2627
2632
2635
2637
2638
2640
2641
2644
2680
2691
4024
4112
4388
5265
5742
6199
6546
6553
6616
6852
7839
8149
8252
8680
9045
9274
9388
9820
9839
10028
10520
10584
10945
12091
12239
12255
12723
12895
13137
13675
16287
17419
17585
19683
19797
20471
20715
21119
21441
21599
22399
22401
22539
23177
23275
23399
24023
25883
27499
28091
28613
28685
28885
29133
29293
29718
29949
30050
30059
30060
30061
30064
30065
30066
30070
30071
30072
30073
30074
30075
30076
30077
30078
30079
30080
30081
30082
30083
30085
30086
30088
30089
30090
30091
30092
30093
30094
30095
30096
30097
30098
30099
30100
30103
30104
30105
30106
30107
30116
30117
30118
30119
30120
30121
30122
30123
30124
30125
30127
30128
30129
30131
30132
30133
30134
30135
30137
30138
30139
30140
30143
30144
30145
30148
30149
30150
30151
30152
30153
30154
30155
30156
30157
30158
30159
30160
30161
30162
30163
30164
30165
30166
30167
30168
30169
30173
30176
30177
30178
30187
30191
30193
30196
30198
30199
30200
30201
30202
30204
30205
30206
30207
30208
30209
30210
30211
30212
30213
30214
30217
30218
30223
30228
30230
30232
30234
30235
30237
30240
30241
30242
30243
30245
30246
30247
30249
30250
30251
30262
30263
30264
30267
30268
30269
30276
30278
30279
30284
30289
30290
30291
30292
30296
30298
30300
30305
30307
30309
30311
30312
30313
30321
30324
30326
30327
30328
30329
30330
30331
30332
30334
30335
30336
30337
30339
30340
30341
30342
30343
30344
30346
30347
30349
30355
30358
30360
30362
30363
30364
30365
30367
30370
30375
30376
30378
30379
30381
30382
30383
30384
30385
30386
30390
30392
30393
30394
30395
30396
30397
30398
30399
30400
30401
30403
30404
30405
30407
30408
30409
30410
30411
30412
30413
30415
30417
30418
30419
30420
30424
30425
30427
30428
30429
30430
30431
30433
30435
30437
30438
30442
30443
30444
30445
30446
30447
30448
30449
30450
30453
30454
30455
30457
30458
30460
30463
30464
30468
30470
30473
30480
30481
30483
30484
30485
30489
30499
30503
30512
30514
30519
30524
30530
30531
30532
30533
30534
30537
30543
30544
30547
30549
30556
30559
30567
30571
30573
30576
30582
30583
30585
30600
30602
30605
30614
30617
30625
30634
30641
30646
30647
30648
30649
30651
30652
30654
30658
30659
30663
30664
30665
30666
30667
30668
30669
30673
30679
30686
30694
30695
30702
30704
30705
30709
30711
30714
30721
30723
30727
30732
30736
30738
30739
30740
30741
30743
30745
30746
30749
30751
30752
30753
30754
30757
30759
30760
30761
30762
30763
30764
30765
30766
30767
30770
30771
30777
30778
30781
30782
30790
30795
30796
30803
30806
30812
30813
30814
30817
30818
30825
30826
30829
30831
30839
30840
30842
30845
30850
30851
30859
30860
30861
30862
30863
30864
30865
30868
30869
30870
30873
30875
30885
30886
30891
30892
30893
30895
30896
30898
30901
30902
30903
30905
30906
30907
30909
30911
30912
30913
30914
30915
30916
30919
30920
30921
30922
30923
30924
30925
30926
30927
30928
30929
30930
30931
30932
30933
30935
30938
30939
30940
30941
30942
30943
30944
30947
30948
30952
30953
30954
30955
30957
30958
30959
30960
30961
30965
30967
30968
30969
30970
30971
30973
30974
30975
30976
30977
30978
30979
30980
30981
30982
30983
30984
30985
30988
30989
30991
30997
30998
30999
31000
31001
31002
31003
31004
31005
31007
31008
31009
31014
31015
31016
31017
31018
31019
31020
31033
31034
31035
31043
31044
31048
31049
31050
31051
31052
31054
31055
31056
31057
31064
31065
31068
31070
31071
31072
31073
31078
31080
31091
31096
31098
31101
31102
31105
31107
31108
31109
31111
31113
31115
31116
31117
31118
31121
31128
31129
31133
31135
31137
31138
31139
31143
31144
31145
31147
31149
31150
31156
31157
31158
31163
31164
31165
31166
31168
31170
31173
31174
31177
31178
31181
31189
31196
31201
31202
31205
31211
31221
31223
31227
31229
31231
31233
31234
31235
31236
31237
31238
31239
31240
31244
31245
31246
31251
31252
31255
31257
31258
31259
31261
31262
31263
31264
31265
31266
31267
31268
31269
31280
31283
31289
31297
31298
31299
31300
31302
31309
31310
31317
31318
31319
31321
31324
31326
31327
31331
31338
31339
31344
31348
31361
31362
31368
31369
31370
31373
31374
31376
31377
31378
31380
31385
31387
31389
31397
31400
31401
31402
31403
31404
31405
31410
31414
31417
31418
31422
31424
31426
31427
31430
31433
31436
31439
31440
31442
31445
31448
31450
31452
31454
31456
31463
31464
31465
31467
31471
31476
31478
31483
31485
31486
31490
31491
31493
31494
31498
31499
31500
31501
31505
31506
31507
31508
31509
31510
31511
31512
31513
31517
31518
31519
31521
31530
31534
31537
31539
31540
31547
31549
31551
31552
31553
31555
31559
31560
31561
31562
31563
31564
31566
31568
31573
31575
31578
31580
31581
31582
31583
31584
31585
31586
31587
31588
31592
31593
31598
31599
31603
31604
31605
31608
31610
31617
31618
31621
31624
31629
31630
31631
31633
31634
31636
31637
31638
31639
31640
31641
31642
31643
31644
31645
31646
31647
31652
31658
31662
31665
31667
31668
31669
31670
31672
31673
31674
31675
31676
31678
31680
31683
31685
31686
31687
31688
31689
31690
31691
31692
31693
31694
31695
31696
31697
31698
31699
31700
31701
31704
31706
31710
31711
31715
31716
31722
31730
31733
31736
31737
31738
31740
31741
31746
31747
31749
31750
31753
31754
31756
31757
31758
31759
31760
31761
31762
31763
31764
31765
31769
31771
31772
31777
31780
31783
31788
31789
31790
31793
31797
31798
31804
31807
31810
31812
31815
31821
31827
31829
31830
31831
31832
31833
31834
31838
31845
31846
31848
31851
31853
31859
31861
31865
31866
31867
31868
31872
31873
31874
31878
31880
31882
31883
31884
31885
31886
31890
31892
31893
31894
31898
31903
31904
31908
31909
31911
31912
31914
31918
31919
31923
31924
31925
31926
31927
31930
31931
31933
31941
31942
31948
31952
31953
31964
31965
31966
31967
31971
31972
31973
31977
31978
31980
31984
31988
31989
31994
31995
31997
32005
32010
32011
32012
32013
32014
32015
32016
32023
32026
32030
32031
32032
32034
32038
32039
32041
32051
32058
32059
32063
32065
32071
32073
32074
32083
32084
32086
32087
32088
32089
32092
32093
32094
32105
32107
32108
32122
32133
32136
32139
32142
32143
32144
32145
32146
32147
32148
32149
32150
32151
32152
32153
32158
32160
32166
32167
32171
32174
32175
32182
32188
32189
32190
32191
32195
32197
32202
32212
32214
32215
32218
32219
32221
32222
32224
32225
32226
32227
32228
32229
32230
32233
32237
32238
32239
32240
32245
32247
32248
32251
32252
32253
32254
32255
32256
32257
32259
32262
32264
32267
32268
32269
32270
32271
32274
32275
32276
32281
32282
32287
32288
32289
32291
32293
32294
32295
32296
32298
32301
32308
32309
32310
32311
32313
32321
32322
32323
32324
32338
32343
32344
32345
32346
32349
32353
32355
32359
32360
32365
32366
32369
32370
32376
32377
32379
32380
32382
32383
32384
32385
32388
32397
32400
32402
32405
32407
32408
32409
32410
32412
32415
32417
32418
32419
32420
32421
32422
32423
32430
32438
32446
32447
32448
32454
32455
32461
32467
32468
32472
32473
32475
32481
32483
32484
32485
32491
32494
32502
32503
32511
32518
32521
32526
32534
32542
32543
32547
32548
32551
32553
32555
32557
32559
32561
32563
32564
32566
32568
32571
32572
32574
32580
32581
32582
32583
32585
32587
32588
32590
32593
32595
32596
32598
32600
32601
32603
32606
32607
32608
32609
32613
32615
32618
32620
32621
32622
32623
32625
32626
32627
32628
32629
32630
32633
32634
32636
32637
32639
32642
32644
32645
32646
32648
32660
32663
32664
32665
32666
32667
32668
32670
32673
32676
32681
32682
32684
32686
32691
32693
32695
32696
32697
32698
32699
32700
32707
32713
32716
32717
32728
32729
32730
32732
32733
32734
32735
32736
32737
32738
32739
32740
32741
32745
32747
32748
32749
32750
32751
32755
32756
32757
32758
32759
32760
32761
32762
32763
32764
32765
32767
32768
32772
32773
32775
32776
32777
32778
32779
32781
32783
32784
32785
32788
32789
32790
32792
32796
32797
32799
32800
32801
32802
32803
32804
32805
32806
32807
32808
32809
32811
32812
32813
32816
32818
32819
32820
32821
32823
32826
32828
32829
32830
32831
32832
32833
32834
32835
32836
32842
32843
32844
32845
32850
32851
32852
32853
32854
32855
32856
32858
32859
32861
32863
32864
32866
32867
32868
32869
32870
32871
32872
32875
32876
32878
32879
32881
32884
32886
32887
32888
32889
32890
32892
32894
32895
32897
32898
32899
32900
32901
32902
32904
32906
32907
32915
32916
32920
32924
32926
32927
32930
32932
32933
32934
32935
32936
32937
32943
32944
32946
32947
32948
32949
32950
32951
32953
32954
32956
32959
32961
32962
32977
32979
32981
32982
32983
32989
32993
32995
32997
32998
32999
33002
33003
33004
33010
33011
33012
33013
33018
33019
33021
33023
33024
33025
33026
33027
33028
33031
33032
33033
33034
33035
33036
33037
33038
33041
33042
33044
33045
33046
33047
33048
33049
33050
33051
33056
33059
33060
33062
33064
33069
33071
33074
33075
33077
33078
33079
33080
33082
33083
33084
33085
33086
33087
33089
33091
33094
33095
33099
33102
33103
33105
33108
33113
33114
33115
33116
33118
33119
33122
33123
33124
33125
33129
33130
33132
33133
33134
33135
33136
33138
33142
33144
33145
33153
33154
33157
33161
33163
33164
33165
33170
33173
33174
33175
33176
33177
33181
33183
33185
33187
33188
33190
33191
33192
33193
33194
33195
33196
33197
33199
33200
33201
33203
33204
33205
33206
33208
33209
33213
33215
33217
33219
33220
33221
33222
33225
33226
33228
33231
33232
33236
33237
33238
33239
33240
33241
33242
33244
33245
33247
33248
33253
33254
33255
33258
33262
33263
33266
33267
33271
33272
33273
33274
33276
33278
33279
33281
33282
33283
33286
33290
33291
33299
33300
33302
33305
33308
33309
33310
33314
33318
33319
33320
33322
33325
33326
33335
33337
33338
33339
33341
33342
33343
33344
33348
33349
33350
33352
33354
33357
33358
33360
33362
33363
33366
33371
33372
33377
33378
33383
33387
33388
33389
33390
33391
33392
33393
33394
33396
33398
33401
33414
33415
33417
33419
33420
33421
33422
33429
33433
33434
33443
33446
33447
33449
33454
33457
33462
33473
33474
33475
33478
33479
33484
33485
33486
33487
33489
33490
33491
33493
33498
33499
33500
33501
33502
33505
33506
33508
33511
33512
33513
33514
33515
33519
33520
33522
33523
33524
33525
33526
33527
33528
33532
33533
33534
33535
33536
33537
33538
33539
33540
33541
33542
33543
33544
33545
33546
33547
33548
33549
33550
33551
33552
33558
33562
33564
33566
33569
33570
33571
33572
33573
33578
33580
33581
33583
33588
33589
33602
33603
33604
33605
33606
33607
33618
33630
33654
33655
33658
33659
33661
33662
33668
33672
33674
33685
33686
33687
33689
33690
33691
33692
33693
33694
33695
33696
33702
33703
33704
33705
33708
33709
33710
33712
33713
33724
33726
33727
33728
33729
33730
33731
33733
33734
33735
33736
33737
33740
33741
33743
33744
33746
33750
33755
33757
33758
33759
33760
33761
33762
33763
33764
33768
33769
33771
33775
33776
33777
33779
33782
33783
33787
33788
33789
33791
33792
33795
33797
33798
33801
33803
33808
33811
33814
33818
33820
33821
33822
33823
33824
33826
33827
33828
33831
33834
33836
33839
33840
33842
33843
33845
33846
33850
33852
33854
33855
33856
33857
33858
33859
33860
33861
33862
33863
33864
33865
33866
33867
33868
33869
33870
33871
33872
33874
33875
33876
33877
33878
33879
33880
33881
33882
33884
33885
33886
33887
33888
33889
33899
33902
33905
33906
33907
33908
33909
33910
33911
33912
33913
33914
33915
33916
33929
33933
33934
33940
33948
33949
33950
33960
33962
33964
33969
33975
33978
33979
33980
33981
33983
33985
33986
33988
33993
33994
33998
33999
34000
34006
34008
34009
34012
34013
34015
34016
34019
34021
34022
34028
34030
34032
34034
34036
34038
34048
34051
34055
34060
34076
34077
34078
34085
34086
34088
34096
34100
34102
34103
34104
34106
34107
34115
34118
34119
34120
34121
34122
34125
34134
34136
34140
34148
34151
34156
34161
34168
34173
34176
34177
34178
34179
34191
34198
34201
34205
34207
34208
34213
34222
34223
34233
34234
34235
34238
34239
34240
34244
34246
34249
34252
34257
34259
34262
34264
34277
34279
34280
34283
34284
34286
34289
34292
34299
34309
34310
34311
34312
34315
34321
34324
34325
34332
34338
34346
34348
34349
34350
34358
34361
34363
34367
34382
34383
34388
34391
34392
34393
34399
34403
34406
34409
34412
34416
34427
34430
34437
34445
34447
34449
34451
34453
34456
34464
34465
34467
34471
34474
34475
34476
34485
34488
34490
34491
34492
34494
34497
34498
34501
34502
34503
34506
34514
34519
34522
34525
34527
34591
34599
35180
35247
35737
35760
36699
36838
36862
37491
37510
37521
37987
37991
38329
38524
39486
39894
40028
40333
40357
40434
40591
40682
40776
41084
41467
41514
42310
42938
43608
44074
44204
45576
45649
46102
46569
47158
47160
47778
47917
48417
48418
48549
48569
48583
48585
48633
48820
48896
49233
49387
49413
49458
49612
49613
49701
49778
49785
49818
49889
49894
49981
50159
50160
50172
50184
50197
50220
50306
50307
50330
50392
50399
50416
50582
50608
50613
50664
50694
50713
50738
50739
50796
50803
50854
50932
51009
51019
51105
51122
51179
51180
51297
51462
51498
51535
51552
51632
51648
51678
51693
51705
51711
51764
51815
51818
51958
52034
52093
52173
52196
52198
52211
52215
52293
52299
52305
52308
52347
52367
52446
52481
52505
52578
52588
52608
52619
52635
52657
52701
52709
52736
52741
52742
52807
52816
52830
52934
52955
52969
52973
52990
52991
52995
53050
53065
53111
53126
53129
53200
53223
53263
53393
53407
53411
53421
53434
53439
53446
53447
53488
53516
53580
53590
53613
53632
53730
53770
53802
53833
53835
53865
53879
53887
53888
53889
53913
53924
53998
54112
54234
54265
54362
54449
54492
54595
54703
54714
54722
54724
54743
54744
54757
54789
54790
54837
54839
54852
54853
54856
54857
54865
54870
54898
54900
54913
54918
54968
55016
55129
55255
55265
55318
55597
55644
55690
55701
55791
55813
55818
55823
55825
55830
55848
55866
55887
55888
55994
55997
56038
56062
56063
56228
56230
56285
56352
56538
56690
56701
56732
56784
56854
56876
56894
56923
56964
57025
57058
57066
57100
57181
57217
57334
57433
57524
57555
57584
57592
57611
57616
57647
57648
57658
57719
57810
57864
57876
57888
57891
57892
57907
58059
58125
58131
58172
58271
58359
58390
58426
58437
58502
58514
58567
58572
58600
58714
58811
58822
58853
58913
58939
59002
59027
59062
59068
59095
59130
59131
59135
59139
59144
59145
59160
59177
59189
59192
59193
59205
59207
59226
59229
59267
59277
59349
59360
59361
59452
59457
59459
59466
59517
59561
59571
59597
59636
59644
59708
59730
59833
59845
59846
59873
59898
59970
59978
59986
59989
60022
60058
60083
60098
60140
60146
60154
60157
60162
60168
60254
60285
60303
60326
60489
60531
60543
60564
60593
60619
60636
60732
61006
61026
61174
61276
61316
61322
61469
61517
61917
61990
62516
34544
34620
35790
35848
36407
36633
36882
36885
36903
36999
37055
37086
37345
37347
37348
37393
37403
37426
37435
37440
37451
37514
37515
37520
37614
37744
37779
37806
37920
37932
37956
37972
37982
37984
37993
37999
38000
38003
38040
38080
38084
38101
38145
38186
38234
38256
38297
38328
38349
38397
38408
38414
38472
38474
38480
38481
38483
38555
38572
38573
38594
38610
38656
38659
38668
38671
38680
38691
38699
38735
38753
38759
38778
38787
38790
38793
38816
38826
38830
38843
38883
38889
38909
38924
38992
38993
39017
39026
39030
39063
39071
39175
39195
39196
39198
39247
39292
39324
39326
39463
39468
39469
39491
39523
39533
39534
39535
39539
39547
39551
39555
39565
39575
39576
39586
39587
39597
39607
39617
39701
39710
39730
39741
39753
39783
39790
39792
39940
39988
40004
40010
40046
40052
40056
40059
40060
40128
40165
40215
40221
40262
40356
40359
40392
40397
40416
40417
40421
40436
40453
40454
40456
40483
40485
40496
40497
40507
40513
40515
40530
40532
40540
40542
40571
40586
40594
40595
40615
40620
40623
40708
40716
40730
40746
40748
40750
40787
40815
40834
40839
40852
40902
40904
40908
40911
40935
40936
40938
40956
40974
41006
41025
41074
41094
41103
41109
41120
41168
41226
41312
41345
41353
41380
41389
41402
41433
41456
41457
41461
41468
41487
41488
41491
41587
41619
41623
41694
41710
41812
41899
41911
41930
41946
42072
42091
42192
42203
42205
42249
42282
42340
42351
42361
42429
42544
42603
42625
42627
42670
42847
42897
42916
42923
42940
42962
42963
43007
43299
43325
43439
43470
43523
43609
43690
43692
43814
43969
44037
44055
44069
44200
44203
44276
44511
44516
44524
44807
44881
44940
44942
44961
45055
45560
45613
45653
46093
46095
46352
46471
46985
47159
47161
47162
47163
47164
47194
47257
47790
48171
48239
48316
48413
48414
48415
48471
48483
48548
48553
48556
48561
48580
48643
48661
48675
48707
48736
48753
48760
48761
48779
48842
48849
48895
48903
48926
48997
49052
49114
49220
49310
49438
49470
49520
49596
49709
49721
49738
49776
49782
49784
49828
49877
49891
49893
49909
49918
49926
49930
49979
50175
50185
50265
50273
50346
50360
50380
50410
50425
50461
50549
50593
50594
50602
50612
50631
50709
50710
51064
51096
51098
51213
51367
51403
51417
51837
52046
52193
52865
53273
