34544
34620
35790
35848
36407
36633
36882
36885
36903
36999
37055
37086
37345
37347
37348
37393
37403
37426
37435
37440
37451
37514
37515
37520
37614
37744
37779
37806
37920
37932
37956
37972
37982
37984
37993
37999
38000
38003
38040
38080
38084
38101
38145
38186
38234
38256
38297
38328
38349
38397
38408
38414
38472
38474
38480
38481
38483
38555
38572
38573
38594
38610
38656
38659
38668
38671
38680
38691
38699
38735
38753
38759
38778
38787
38790
38793
38816
38826
38830
38843
38883
38889
38909
38924
38992
38993
39017
39026
39030
39063
39071
39175
39195
39196
39198
39247
39292
39324
39326
39463
39468
39469
39491
39523
39533
39534
39535
39539
39547
39551
39555
39565
39575
39576
39586
39587
39597
39607
39617
39701
39710
39730
39741
39753
39783
39790
39792
39940
39988
40004
40010
40046
40052
40056
40059
40060
40128
40165
40215
40221
40262
40356
40359
40392
40397
40416
40417
40421
40436
40453
40454
40456
40483
40485
40496
40497
40507
40513
40515
40530
40532
40540
40542
40571
40586
40594
40595
40615
40620
40623
40708
40716
40730
40746
40748
40750
40787
40815
40834
40839
40852
40902
40904
40908
40911
40935
40936
40938
40956
40974
41006
41025
41074
41094
41103
41109
41120
41168
41226
41312
41345
41353
41380
41389
41402
41433
41456
41457
41461
41468
41487
41488
41491
41587
41619
41623
41694
41710
41812
41899
41911
41930
41946
42072
42091
42192
42203
42205
42249
42282
42340
42351
42361
42429
42544
42603
42625
42627
42670
42847
42897
42916
42923
42940
42962
42963
43007
43299
43325
43439
43470
43523
43609
43690
43692
43814
43969
44037
44055
44069
44200
44203
44276
44511
44516
44524
44807
44881
44940
44942
44961
45055
45560
45613
45653
46093
46095
46352
46471
46985
47159
47161
47162
47163
47164
47194
47257
47790
48171
48239
48316
48413
48414
48415
48471
48483
48548
48553
48556
48561
48580
48643
48661
48675
48707
48736
48753
48760
48761
48779
48842
48849
48895
48903
48926
48997
49052
49114
49220
49310
49438
49470
49520
49596
49709
49721
49738
49776
49782
49784
49828
49877
49891
49893
49909
49918
49926
49930
49979
50175
50185
50265
50273
50346
50360
50380
50410
50425
50461
50549
50593
50594
50602
50612
50631
50709
50710
51064
51096
51098
51213
51367
51403
51417
51837
52046
52193
52865
53273
