34591
34599
35180
35247
35737
35760
36699
36838
36862
37491
37510
37521
37987
37991
38329
38524
39486
39894
40028
40333
40357
40434
40591
40682
40776
41084
41467
41514
42310
42938
43608
44074
44204
45576
45649
46102
46569
47158
47160
47778
47917
48417
48418
48549
48569
48583
48585
48633
48820
48896
49233
49387
49413
49458
49612
49613
49701
49778
49785
49818
49889
49894
49981
50159
50160
50172
50184
50197
50220
50306
50307
50330
50392
50399
50416
50582
50608
50613
50664
50694
50713
50738
50739
50796
50803
50854
50932
51009
51019
51105
51122
51179
51180
51297
51462
51498
51535
51552
51632
51648
51678
51693
51705
51711
51764
51815
51818
51958
52034
52093
52173
52196
52198
52211
52215
52293
52299
52305
52308
52347
52367
52446
52481
52505
52578
52588
52608
52619
52635
52657
52701
52709
52736
52741
52742
52807
52816
52830
52934
52955
52969
52973
52990
52991
52995
53050
53065
53111
53126
53129
53200
53223
53263
53393
53407
53411
53421
53434
53439
53446
53447
53488
53516
53580
53590
53613
53632
53730
53770
53802
53833
53835
53865
53879
53887
53888
53889
53913
53924
53998
54112
54234
54265
54362
54449
54492
54595
54703
54714
54722
54724
54743
54744
54757
54789
54790
54837
54839
54852
54853
54856
54857
54865
54870
54898
54900
54913
54918
54968
55016
55129
55255
55265
55318
55597
55644
55690
55701
55791
55813
55818
55823
55825
55830
55848
55866
55887
55888
55994
55997
56038
56062
56063
56228
56230
56285
56352
56538
56690
56701
56732
56784
56854
56876
56894
56923
56964
57025
57058
57066
57100
57181
57217
57334
57433
57524
57555
57584
57592
57611
57616
57647
57648
57658
57719
57810
57864
57876
57888
57891
57892
57907
58059
58125
58131
58172
58271
58359
58390
58426
58437
58502
58514
58567
58572
58600
58714
58811
58822
58853
58913
58939
59002
59027
59062
59068
59095
59130
59131
59135
59139
59144
59145
59160
59177
59189
59192
59193
59205
59207
59226
59229
59267
59277
59349
59360
59361
59452
59457
59459
59466
59517
59561
59571
59597
59636
59644
59708
59730
59833
59845
59846
59873
59898
59970
59978
59986
59989
60022
60058
60083
60098
60140
60146
60154
60157
60162
60168
60254
60285
60303
60326
60489
60531
60543
60564
60593
60619
60636
60732
61006
61026
61174
61276
61316
61322
61469
61517
61917
61990
62516
